12 18


1 中区门口

齐齐哈尔大学校区之一，在内包含教学楼，公寓楼，图书馆，篮球场，计算机中心等等，是同学们上课生活主要校区之一。

2 11号教学楼

教学楼之一，内具有多个网络多媒体教室和现代语言实训室，每个多媒体教室均具有主播教室功能，网络多媒体教学系统主控室实现了多媒体教室集中管理和控制。

3 图书馆

齐齐哈尔大学图书馆藏书290万余册，电子图书197万余册，该图书管是其中之一。

4 篮球场

齐齐哈尔大学篮球场之一，同学人日常活动场所之一。

5 西区天桥

通往西校区的主要路径。

6 校史馆

校史馆布展总面积1100平方米，展线总长约300米，叙述了齐齐哈尔大学多年发展变迁的光辉历程与发展成就。其主旨是为了给学校历史做一见证，铭记各级领导无微不至的关怀，弘扬几代齐大人自强不息的精神，激励后来者拼搏进取的斗志。

7 计算机中心

计算中心是一个集教学、科研和服务三位一体的综合单位，其主要功能是以教学为主，以科研为辅。负责全校本科学生计算机基础课理论及实验教学工作。

8 马克思学院

齐齐哈尔大学学院之一，2009年，学校成立马克思主义学院。2020年，学院获批黑龙江省级重点马克思主义学院。

9 餐厅

齐齐哈尔大学最大的餐厅，为上千名同学提供健康的饮食。

10 购物中心

齐齐哈尔大学购物中心提供了同学们的日常生活用品，内有打印店、药店等。

11 医务室

齐齐哈尔大学医务室帮助同学们解决小的病症。

12 文化宫

文化宫主要举办大型的讲座、晚会。召开大型会议等。




0 1 80

0 2 120

0 4 300

1 2 50

1 3 50

2 3 40

2 5 280

2 6 30

3 6 10

4 5 100

5 6 270

5 8 250

6 7 80

7 9 250

7 10 150

8 9 30

9 10 200

10 11 150